Profile 1;Profile 1;Profile 2;Profile 2;Profile 3;Profile 3;Profile 4;Profile 4;
x;y;x;y;x;y;x;y;
[m];[m];[m];[m];[m];[m];[m];[m];
0;3.7687614e-10;0;2.9088012e-10;0;3.4762263e-10;0;2.7530794e-11;
1.1998185e-08;3.3933842e-10;1.2359783e-08;2.9237719e-10;1.1047979e-08;3.6140383e-10;1.0450161e-08;4.3332688e-11;
2.399637e-08;2.9430487e-10;2.4719566e-08;2.6309531e-10;2.2095957e-08;3.5223764e-10;2.0900322e-08;4.5638574e-11;
3.5994555e-08;2.6242139e-10;3.707935e-08;2.5505284e-10;3.3143936e-08;3.1353339e-10;3.1350482e-08;4.2896861e-11;
4.799274e-08;2.8257331e-10;4.9439133e-08;-9.2056948e-11;4.4191915e-08;2.9653303e-10;4.1800643e-08;-6.6767626e-11;
5.9990925e-08;3.1862853e-10;6.1798916e-08;-3.2466305e-10;5.5239893e-08;3.5480892e-10;5.2250804e-08;-2.3135411e-10;
7.198911e-08;1.1459118e-09;7.4158699e-08;-3.35738e-10;6.6287872e-08;6.431397e-10;6.2700965e-08;-2.2045093e-10;
8.3987295e-08;1.6848458e-09;8.6518483e-08;-3.1893053e-10;7.733585e-08;9.2708869e-10;7.3151125e-08;-2.2757989e-10;
9.598548e-08;1.5003038e-09;;;8.8383829e-08;9.6919509e-10;8.3601286e-08;-2.3343254e-10;
1.0798366e-07;1.5048922e-09;;;9.9431808e-08;9.5861721e-10;;;
1.1998185e-07;1.4964881e-09;;;1.1047979e-07;9.4564317e-10;;;
1.3198003e-07;1.507165e-09;;;1.2152776e-07;9.1901806e-10;;;
1.4397822e-07;1.5211232e-09;;;1.3257574e-07;9.0461441e-10;;;
